000000000000000000000000000000000000000000000000000000000000000000000000000000000000000000000000000000000000000000000000000000000000000000000000000000000000000000000000000000000000000000000000000000000000000000000000000000000000000000000000
000000000000000000000000000000000000000000000000000000000000000000000000000000000000000000000000000000000000000000000000000000000000000000000000000000000000000000000000000000000000000000000000000000000000000000000000000000000000000000000000
000000000000000000000000000000000000000000000000000000000000000000000000000000000000000000000000000000000000000000000000000000000000000000000000000000000000000000000000000000000000000000000000000000000000000000000000000000000000000000000000
000000000000000000000000000000000000000000000000000000000000000000000000000000000000000000000000000000000000000000000000000000000000000000000000000000000000000000000000000000000000000000000000000000000000000000000000000000000000000000000000
110000000000000000000000000000000000000000000000000000000000000000000000000000000000000000000000000000000000000000000000000000000000000000000000000000000000000000000000000000000000000000000000000000000000000000000000000000000000000000000011
111000000000000000000000000000000000000000000000000000000000000000000000000000000000000000000000000000000000000000000000000000000000000000000000000000000000000000000000000000000000000000000000000000000000000000000000000000000000000000001111
111111111000000000000000000000000000000000000000000000000000000000000000000000000000000000000000000000000000000000000000000000000000000000000000000000000000000000000000000000000000000000000000000000000000000000000000000000000000000111111111
111111111100000000000000000000000000000000000000000000000000000000000000000000000000000000000000000000000000000000000000000000000000000000000000000000000000000000000000000000000000000000000000000000000000000000000000000000000000011111111111
111111110000000000000000000000000000000000000000000000000000000000000000000000000000000000000000000000000000000000000000000000000000000000000000000000000000000000000000000000000000000000000000000000000000000000000000000000000000000011111111
111111111111000000000000000000000000000000000000000000000000000000000000000000000000000000000000000000000000000000000000000000000000000000000000000000000000000000000000000000000000000000000000000000000000000000000000000000000001111111111111
111111111111111000011111100000000000000000000000000000000000000000000000000000000000000000000000000000000000000000000000000000000000000000000000000000000000011110000000000000000000000000000000000000000000000000000011111100000111111111111111
111111111111111011111111110000000000000000000000000000000000000000000000000000000000000000000000000000000000000000000000000000000000000000000000000000000000000111000000000000000000000000000000000000000000000000000111111111110111111111111111
111111111111111111111111111110000000000000000000000000000000000000000000000000000000000000000000000000000000000000000000000000000000000000000000000011100000011011000000000000000000000000000000000000000000000000111111111111111111111111111111
111111111111111111111111111111111000011100000000000000000000000000000000000000000000000000000000000000000000000000000000000000000000000000000000000000111101111000000000000000000000000000000000000000011110001111111111111111111111111111111111
000111111111111111111111111111111111111111000000000000000000000000000000000000000000000000000000000000000000000000000000000000000000000000000000000000001111100000000000000000000000000000000000000000111111011111111111111111111111111111110001
110100011111111111000000001111111111111111111111101000000000000000000000000000000000000000000000000000000000000000000000000000000000000000000000000001110011110000000000000000000000000000001101111111111111111111111000000001111111111100011010
111111110000011010101101000111111111111111111000000000000000000000000000000000000000000000000000000000000000000000000000000000000000000000000000000011100001111000000000000000000000000000000000001111111111111111110001101010110100000011111101
101010110101011010101111011111111111111111101111101000000000111111110011110000000000000000000000000000000000000000011111111100111111110000000000001100001100011100000000000000000000000000001111111111111111111111111101111010110101011010101101
110101011010101101111111111111111111111011001111101111011110111111111111110000000000000000000000000000000000000000011111111111111111100000000000011000111000000100000000000000000010111101111111111110101111111111111111111111111010110101011010
110101000000001101010011110000001111100000001111100000000000111111111111110000000111110000000111110000000000000000011111111111111111110000000011111111100000000000000000000000000000000000000000010000000011111000000111110101001000000001011010
101010000000000010101101000000000000000011111111100000000000000010000011110000000111110000000111110000000000000000011111000000000111110000000111110110000000000000000000000000000000000000000000000000000000000000000001101010110000000000101101
000000000000000000000000000000000000000011111110000000000000111110000011110000000111110011111111111111000000000000011111000000000111110011110100010011100111111110111110011111000001111000111111111011110000000000000000000000000000000000000000
000000000000000000000000000000000000000011111110000000000000111110000011110000000000000011111111111111000000000000011111000000000111110011111110011111100111111111111110011111000011111000111111111111110000000000000000000000000000000000000000
000000000000000000000000000000000000000000001111100111111100111111111111111111100111110011111111111111000000000000010011111111111111000011111111111111100111111111111110011111000011111000111111111111110000000000000000000000000000000000000000
000000000000000000000000000000000000000000001111100111111100111111111111111111100111110000000111110000000000000000011011111111111111110011111000001111100001110000111110011111000011111000111100000111110000000000000000000000000000000000000000
000000000000000000000000000000000000000000001111100000000000111110000000001111100111110000000111110000000000000000011111000011111100000011111000001111100111110000111110011111000011111000011111111111110000000000000000000000000000000000000000
000000000000000000000000000000000000000000001111100000000000111110000000001111100111100000000111110000000000000000011111000001111000000011111000001111100111110000111010011111000011111000111111111111110000000000000000000000000000000000000000
000000000000000011111000000000000000000000001111000000000000011110000000001111100111110000000111110000000000000000011111000001111000000011111000001111100111110000110000011111000011111000111100000000000000000000000000000000000000000000000000
000000000000000111111100000000000000000000001111100000000000011111111111111111000111110000000111111111000000000000011111000001111111110011111111111111100111111111111110011111111111111000111111111111110000000000000000000000000000000000000000
000000000000001111001110000000000000000000001111100000000000111111111111111110000111110000000111111111000000000000011111000001011111110011111111111111100111111111111110011111111110101000111111111111110000000000000000111000000000000000000000
000000000000000111001100000000000000000000001111100000000000111111100011110111100111110000000111110111000000000000011111000001110110110011111001111111100111111111111110011111111001011000111111001111110000000000000011101010000000000000000000
000000011111000100110100000001110100000000000000000000000000000000000000000000000000000000000000000000000000000000000000000000000000000000000000000000000000000000111110000000000000000000000000000000000000000000000011110001000000000000000000
000000010000000110000100000001100000000000000000000000000000000000000000000000000000000000000000000000000000000000000000000000000000000000000000000000000111111111111110000000000000000000000000000000000000000000010111100000001000000000000000
000000010000000000000000000001100000000000000000000000000000000000000000000000000000000000000000000000000000000000000000000000000000000000000000000000000111111110111110000000000000000000000000000000000000000001101111100010000100000000000000
000000010000111111111111110001100000000000000000000011000000000000000000000000000000000000000000000000000000000000000000000000000000000000000000000000000000000000000000000000000000000000000000000000000000000111110000000000000101000000000000
000000000000000000000000000000000000000000000000001110100000000000000000000000000000000000000000000000000000000000000000000000000000000000000000000000000000000000000000000000000000000000000000000000000000001111101010000100000000111000000000
000000111000000000000000000011110000000000000000010010001000000000000000000000000000000000000000000000000000000000000000000000000000000000000000000000000000000000000000000000000000000000000000000000000011110001110000000000000000000000000000
000001111110001111111110000111111000000000000000101101010000000000000000000000000000000000000000000000000000000000000000000000000000000000000000000000000000000000000000000000000000000000000000000000000000000000000000000000000000000000000000
000000000000010100110101100000000000000000001101111100010000100000000000000000000000000000000000000000000000000000000000000000000000000000000000000000000000000000000000000000000000000000000000000000000000000000000000000000000000000000000000
000001111110010110110101100111111000000000011011010000000000000000000000000000000000000000000000000000000000000000000000000000000000000000000000000000000000000000000000000000000000000000000000000000000000000000000000000000000000000000000000
000001111110010110000101100111111000000001111101010000100000000111000000000000000000000000000000000000000000000000000000000000000000000000000000000000000000000000000000000000000000000000000000000000000000000000000000000000000000000000000000
000001111110010111111101100111111000000011100010100001010000000000000000000000000000000000000000000000000000000000000000000000000000000000000000000000000000000000000000110000000000000000010000000000000000000000000000000000000000000000000000
001101010001100111001100011001001010000000000000000000000000000000000000000000000000000000000000000000000000000000000000000000000000000000000000000000000000000000000010110100000000000001011010000000000000001011000000000000000000000000000000
001111111011111111111111111011111110000000000000000000000000000000000000000000000000000000000000000000000000000000000000000000000000000000000000000000000000000000000101101010000000000010101101000000000000010101100000000000000000000000000000
001111111000011111111111100011111110000000000111000000111000000111100000011100000000000000000000000000000000000000000000000000000000000000000000000000000000000000000000001000000000000000001100000000000000101000010000000000000000111100000011
000111111111011000000011101111111100000000011111100001111110001111110001111110000000000000000000000000000000000000000000000000000000000000000000000000000000000000000010110100000011110001010010000001110000111111110000000000000001111110001111
000110101011011111111111101010110100000001011111101101111100101111110100111110010000000000000000000000000000000000000000000000000000000000000000000000000000000000000011001101100111110001101110110011111000111011010000000000000101111110100111
000111111111010000000001101111111100000011101101011110101011110110101111010101111000000000000000000000000000000000000000000000000000000000000000000000000000000000000001101101110110111000101110110111011000111111110000000000011110110101111010
000000001101010000000001100011000000000111110000111111000111111000011111100011111100000000000000000000000000000000000000000000000000000000000000000000000000000000000010001101110110111001001110110111011000111111110101101000111111000011111100
000111111111010000000001101111111100000111111000111111000111111000011111100011111100000000000000000000000000000000000000000000000000000000000000000000000000010001100000000000000000000000000000000000000000110101110000000000111111000011111100
000110101011010000000001101010110100011111111101111111101111111110111111110111111110000000000000000000000000000000000000000000000000000000000000000000000000101111010000001111111111111000001111111111111000011111110111111001111111110111111110
001111111111010000000001101111111110000001000000001100000000100000000100000000110000000000000000000000000000000000000000000000000000000000000000000000000000010011100000001000110010011000001100010001001000110001111101101000000100000000100000
011111111111010111111101101111111111000001000000001100000000100000000100000000110000000000000000000000000000000000000000000000000000000000000000000000000000010011100000001000111111111000001100011111111000110001110111111000000100000000100000
111111111111111111111111111111111111111111111111111111111111111111111111111111111111111111111111111111111111110011100000000000111001111111111111111111111111111111111111111111111111111111111111111111111111111111111111111111111111111111111111
111111111111111110111111111111111111011111111111111111101111111111111111110111111111111111110111111111111111111011100000000000111011111111111111111110111111111111111110111111111111111111011111111111111111101111111111111111110111111111111111
111111111111111111111111111111111111111111111111111111111111111111111111111111111111111111111111111111111111111011101111111110111011111111111111111111111111111111111111111111111111111111111111111111111111111111111111111111111111111111111111
111111111111111111111111111111111111111111111111111111111111111111111111111111111111111111111111111111111111111011101011101000111011111111111111111111111111111111111111111111111111111111111111111111111111111111111111111111111111111111111111
110011100111001111111001110011000111111100110001100111111100011001110011111110011100110001111111001110011000111011100000000000111011100011001110011111110011100111001111111001110011000111111100110001100111111100011001110011111110011100111001
100000000000000111110000000000000011110000000000000011111000000000000001111100000000000000111110000000000000011010000000000000111011000000000000001111100000000000000111110000000000000011110000000000000011111000000000000001111100000000000000
001111000111110000000111000011111000000011100001111000000011110001111100000001111000111110000000111000011111000011100000000000110000011110001111100000001111000111110000000111000011111000000011100001111000000011110001111100000001111000111110
011111101111111100001111110111111110001111110111111111000111111011111111000011111101111111100001111110111111110011101110110000111000111111011111111000011111101111111100001111110111111110001111110111111111000111111011111111000011111101111111
111111111111111110111111110111111111011111111111111111101111111111111101100111111111111111110111111110111111111011101111111110111001111111111111101100111111111111111100111111110111111111011111111111111111101111111111111111100111111111111111
111111111111111011111111111111111101111111111111111110111111111111111110111111111111111111011111111111111111101011100000000000111011111111111111110111111111111111111011111111111111111101111111111111111110111111111111111110111111111111111111
111111111111101101111111111111100110111111111111110111011111111111111011011111111111111101101111111111111100110011100000000000111011111111111111011011111111111111101101111111111111100110111111111111110111011111111111111011011111111111111101
